8270602761720844747933197524210983383456721802733286802685774858740884121836170072532476680844326409216949841616859867454944733818183518078799290441098917884660741965468709314948108611911040740320878830279133313996513069791866829606717471127593476186210105837303770812443163005447149613359592190358868514452669421744846187791795884097146036821098082612004294710086540680737293134519798706270864807394271571388690065635475649407731428125125295613432189112747993019176711181654130441506740798034421947464137863899274919770273633584280492707616684942288926948838750523296410263262969593061199345545099478747078849043293
1178227250977401060180838733376661237014795916859418972402782039663412069868152733254477394389657155668397372704988699256014016646709049605918426350749547062987212232165041844549542179706491663745636825006605317722658809912496287026366160874104174033271896034926115440994017126684983283867494437516937578229893104714565920174799455648807025363913840726292507080651094723501716609729001843852422288859340341357662685278822625874646969489075310858137691043413694861183969888150012863142391958425467474562614437019590954483353986256317038431991423229300150648495766135811286063160826502063411067017832911330747579892555

911487544331310779894769336791943905029630709865860446183943365457124856483602024953169080538343897195661507725448835606862551444021082493352780387800876523859336309689396622706057076305975598201443635832548308039783109419574000949561093209032444215417266245332862941370313906911471463745223338286432369855354318797742509897892857855794199699421942245189639111090018183968039168513296347517191397512336281185126725444039260950574868428233720237796703585290538152305170174789764394980174321392942851987247929169631020715669182187128376159735166736744306021436465585648648250407167082689533541462538919384848470389587
328104859399159768371272267749217899606434942884610806038722984930351508620048662209081017427165115732548523689634507196779659805162299904144763797588207067513170762826060033659744401186275183539371559603855237735900321895750455706791581766283101488737548999920200585989178827741992394461218434316799968904212760534839360012071859614990760123970775261865606054257170353505371873742026883860962572176643243550042873682733410169567527765288398640807135085769158856145100422575246710893393832594386189771017807063501484536733647251748781251061170864208195249367885727249495247070754933071160275842215918940812438636870

2588538245152421632465632735472258431574039694661991758980579302215523045185011987409391706643763279286013134960967330356705830271126974114736200499146306747383831952610221219540185019348210862487778982155302968304306505107690972401425832253425842559298515005861364563871084522533768105378042741556551518081706076520025362198176857095657038147409556423481775687708081083193175766467113209547926583710978400485755278315344532385866758652848667007275869066517464864706396737187264110338417909203305058011330209138962351240556916794076946054277482966133749042349638283768206429163606291336155549554030502353039357700127
3523214614959959359418530255534443742101333163792918502936706663161744502828582885687060135678957501029183994107409851673544996756223447086637933020579189117845616849444856953870787539621019497969668005888416154956560763347857426972034921579671670952714726050254245665466092500279694712645403508874840802722141807857787514666126718471345236051970166003773654746681635699006935424802649503458115461936209270043712556230910436785715886469905015353115005569313718573775581121100109747724980639250364646401473740358792232421765032463686739108179639416085273400768387440557601070391824552983946336298614250907036840709

6280099846893735225827206667415246402441077031258077344766029490469050156080294185027186277313461402255644499445014768190359772397583870999627700578189593975631537377228429290176255319645376909228749774993759800831805179400674861391503964012609063077079394271166592799280649634519894051969990591868135778451565264256931216259635559713049182399211098958839481667367061790470570379489583121317167593505883417233982471595253356131434977693394650573124875525153780079662426775005425828646650532548122768772859979505375013524636923493563537785267661917471893992729418671378149382024061525461638123684052426689490150924289
1796106104154475184316937056554503347280675090501474594908859360142632241050645058205961934418847812383065729966095597171058050102127938811360288980061335277889366922179513999716193103555181144503604083216734862501182242737675615096304688414253092202812506334956515303148202388337120046372984240775091970366621602783540287855298680663392245870904502335326936163056473973361759239085080768085814047558388610747001688113659992140163910138955727967330122852375064243949925135610415417404429519456414819842443040632233767087840639742813631040146350337345097770216484998401659889794097448483333547416989472521962485441739

7259611972221246820873837978908998540570542609117983738099047331757138091433056950203642693886792057628413815030377483363630911914281834572398507636577565931062588031343032775276230492874178174994085141047670180795562952292692254596842913060592343966048506138566690019924972093583042122453782611972009895471886593887315980292180528528572959564907506694114428067424199580853666888743835746990026553050072269489316270935069170023314216643779335591364920011752482409128869032246350993287753987104296979688007466932364793649928303740034474654867813292263816797619321500511054612067901948253595234900648385341768921900457
2852359329788570849663852199811601702140194141466846136182916978980472709959054592747299799609733577275601665192726836126604747159797542030192072161720103301181126158897706213084627871894360141279940143895765009625993005237391087659801289828047485372878705112827252585255835232341323564670437458667536631274532908884536077806764748672394835565933907408954135256440840370187457086027268101467766200408432618618418773573781450645524128232351098522000255730758109694492216548816424194388032915375583822678747205708141180481606930122534686071139368299316698035559945601284142699215244186601539225162823658109304249647130

18378879739555226216120230362746819507290362433798913751041139812775362952717524694744836114445597388988105591397234484578521143016073112677773620994521529340082203377779510471463151144755298887678293061363129078234670807862556156320318401548918357710098842262807744768564091111703690526316074469004145480526802613421930291874096050800463660585160193115074341059337732962505569434695056987303982854058527225041073317769602027288256669800738648137744920799318831089458580930135978408253489859138009217770808074648736966503260005325019646621904480066855861997746010804216412498729808613270318247992185698444033175022623
18364200832913639933836741639955613454066748514159411067078285138846564218019620020285615069103381617916377552076571687888901790812323944611961835219798736218683798566193588322020273936599121143994217096924389191416875198603268746802776052087109427361328118456626940525795246793372982577587656484438204110591526581214504731953926944413263285895286194658299869224672583033497460488885905979115357935024810117308791339446143487150036717426267679542012985116577694165312629468343512885028055094161059805531849036242565647483856780476344852128261960970747082626386313655209778036183190150310437049235013920259709199352703

17826877630460627293638356388362130502929093745663897217381707326481921343106653901895216249661695433790195427964532823601124673559570703769932524563581762704935611037921549454327820014830097281842281477974151373385836634438138983344795318427342743674864572768594917919630399443420000106132638990402040256776008904860636062896872252597139830185183233352312228282486549549124376554214340071667065286246984981912984714450293523912350255089390179130835646770160288595800410533149341839649190987112907745937152305354854117224790076010819231460597163334253433707722194544114655610970871265401254620680704901521234915002731
13316643888807716672471364612462308957033055633410081130693891236490850867943838627304048754563409644449839369064720394394183405695103912263645310589966981696257071563106230682674446707003060458188680890385938656012896166510532428647518628343201942640166148080825641578992166582894672706197019311869605336840116040786797287758514485587783454658501929935094660259276269034372293039072647399426843279759735471083389653870766376590786332868046946551725279687684834852029606447342320072874333431694335550395327767606690826001118441119415058859052300178622048972191368998933212644580472146603393131379341465684862006457051

16877873203521958482441137858880129244293584729949251100386236755722402516879851794424466271769563735063939538861329751297339655748370471194971996466601412780309610982652983430375404665435123162749504891926337740160278004753894193745492627367099215201038190481041457864035450118374753096297120650209429388992199278887741401852900800924133525489167508455300829055315495021829716137612295533675932621509377243635374245238629425267919839255708252778777251153871903156353041786404237517046866918068752357994305683170018019244806355609886557449755426497450268541052461880995830046101110897836833925828821263764702682254969
4557069364307736298552174386233772527157136257795594233770668763808059550644254277635421739030624553789811569411584875326780567183495661789001269533227970475571148993395361716491174866142836754534486016378976053432656572014797762690838708787735821331189199818368349329945147991948264052941339230767796547217507494475498495514352684915061686158655123892079953528651941197008956030561197804333661418397483945211791035262789096274965765247395374191916152495500142241825372662730339680558782778191844944797038085046554854694522239587885045818216029746320455140395221716214655127392098826460847823681849188295303436099123

12854549395933947036920952361754298697999149809886209826648220077161248155475882820372195858448295813679885747910172819924325188497894899235395964818232253559923200774150173886628228548035045756904634467673239420199208815805478984486469844447451018767511875320639373078222411189431251353408571195775845811453692292255698859745266900784326047771320629764609191298017307977882319129849060970785475431378679528860826774375715324619450232401586493708366081839108338655507568526104233204269210348967420356519116537089698500650768825231423033250871343703266530560656534011142648245945079113056384513493652893832255067555009
8828507293565230236850766986621462598466099203476380654502170261051769918831859640221022834853725249287607062758649425092940899820432697426157497336057110614993325396026384227220402955950382265680991663957235759332301620156067934856360932402743696310115544434022412293528568735823205841547102212547574899729339138802056585825257418518395465939451478078044936288702843318386524517602453093738236782007426122937559349213523982897972442615725845192824266731188266510229513183187020192557577096323718338916552664944115226416097438468355135516323971147689869454367419695366711678009062671688285145086545637653720215814028

1940064196688166544272248008633435057104912698732180870571378797566795744500874223288058741189021055298883424619391593069054696618436773088678592752627402571225956653937991437231590912588874612004556113140013402512680195310551203043887505491051870272114308456630437193591259102519493116008778219606653093514932315529964801153568544418996057610028703568957124882090588402888961834317967363204047335781383331864149236604852491886636991305729326067840310781654357041465469731993764757588282812072077706034475490464291531846491239915865547071747633622281570749914274977227827663712648411005324618722779314503557061072219
888874482837451142852713353216740777690359381910271107521751478374037753690694716124891004157084141827871561606608611914397152385461071231013603809966120010350134971076943421528317208214548870380343889696250040270797805474928166903213615990723832060194458508093009520960122419163571759684231149917375599647576410844038708481584097993419881571998249206523040813429065726435738273383248161337342221135580107416284966939386215821623149982392680145376196161955907150253159661309658212726690839511988977217448435427882999848549019329915206725463028405396400644505671981899363712967701097636036331552715568595739245068578

5369654228498056796769126608721312784347500577039658606171343143155437732270909518628811058711955805664165226569606657056642304465900990610928096562847136018374592991652063498850622385091862804233906501899805165695699184455489031424371853941694410533352182011532004106247142402090692929817053758037106333846735686906652045653362400152866359213515773878887888122015665449541288475054722667314215239357644206775821649884719400350953071979622772243480091922193883785781844002214678564994361716907450986798240651198277473883210788728932754836702510262527271055883244410248599361741429928165829015471749087224678301020799
126152766393578799370938030573055898276121987017780183151708379340820150375598716552673696833815969352441895843807743517130666501278470977067272290916617504843056881551670150903590269244322797280942176960098460037233535928413988824860020495922439034927592509174858831889964783428055813418423050753640175305211518412409946613279941961281732737129259661853651000485973782110505982758788860418017153078536118781229085272566149844470085631266092413880779730725173120008102008604793151944167940945708651097830550096344088121814249140353708498018832618843818198949008923329329634424917344561740557869363546125280079658856

4605342105844774976044598819333956007960618138235604022073637611772480542765685389199653097417018565266464393088931802665491382330037211315171539799509050645344392060522096388778472710606121849738943480942305478101120964435866519208226263534768613687227801186340363859978826563355221194209657985441894437777904528475530994225200825349611489655279022199741754150894706165886931751390736652476908144237190458650040708585191412210869937875078717619712550026369754293660396446301420685810614846984896664750389026395674631953408654006245104401326631510118134433890762077397753000221612307981966955547091221966140184070879
4582706949415178584505519294340655886959954139119521583522468874411453210488116036072538211147003187221781991844567805219470551497564874018993660928233972816710846376022232616811433548617698636086489317715214704887494088617613167300600695625065055640729898540813802152859576210347195720272368958544995683205235133163254460741223619457679915683886176622771015674373470789756745794695141277990397478304419214806712932230293623852344326282653338117680709132378306620573361219402793088825313175785192056145774929851435619331440886019779264740864825870870320457577873674125417511312016700978534244063119116354055072684855

9902602245044028001337530490278119202076468778032272695899789520839571976051494483215975745647159956915913858156315222452048189230063156084782389855244880814003966727898233240741093529880181882233639104564347809049712567133751766232372842409604711848845505689111515744250116461108997086832284232419756707376839553382603614756110791054400545390904674104163450795322996736975662920016488192699907157457744592281161937909809228725189404925567285968245551342167753749306988910600796417759021710492995191893250992722810816619324351706768090952886833861636754772936480206494416412582078228181243181903197465003147989610821
5414173321909839453618308585841540448641647558020151308155147147556091316532053728697889223299958636003497986577908708934965480331752427604400835667855927370735250320664687815168300560397123093377095636145003327961834944935763674790288013479462054229937795992638297364102158355968815820292219697545071026264387251054143334890286283495743308938391145744133902788944794067927509505809654233213339907108148548136990321141703217794337904919161619759491275659194815387670653755053125845105155799830064999359129236117037948816153457514155528808090602064109682239587712969318975056811543848538069443299575638374518050833572

6645540482655120620880444390458132680480419282674856857818052652618342808417747324732088693469623555816576828745186625463637619026063692027169787756848899862283275767583287032948716827620495173655820145122963224280273931577347437848716489279226026666995633258857207606014311383679381740593251205748922300559688786177474447085843109633478896068549024500346284429970700765044132415683220932490550223946568258866733349627825170530802130968273647228778998454278728827603494467027751815120823667889088507286029431076534580800196644897427404423998924470525597716564898354933911883952893378008737710354263412856584862388557
4923222651936906957833326748907312063282396096937178851949936607996310041869665460863811383734801778862590023735660048737663461735418671741487783895333846867248371401591810026887526802087000595324958576682486389771251214272807443976100894217081194557223463023601787628429038693150200431037005035832343697160770204772602929988796250027688964977298976300479578087598428821826061862958620871001990939007749366995871863012796165074183998136954513011844887689533598828707347241641034583381175148227234666923724629228959580438806237033420839766510781836551689562407241059027108959469490237867827229554365472333350793836647

44584685229093884844600010376776160924752328950056333973090052848238198527307942527420711125510652831974736494397117481629873067533514828702174361196830909052746040652266151167014433617960221652608161839799538731783768709124248841301605373802993480351415534254776421157275002911381926606372597787766966361360968377663505051927678274366489106815768324705509778284979567277786225448880380302212221605335062059946684923189667617262619064716030722726963062610340848322213064058678741017023066143546278104599105006163645066431871418587657286615533856074873389101044360058515613248513445471721069467876758597488394697511
29629868056862572547208643620562584097743121109950907651035016858180297345044198310770370002041529960255064965027349593593166938265821399782410828068523469355384651983009295076624776163667527558485171446385836285347609219632115077810820628091503447195948866754218039314022110936198496116164829617167836942513325286024124309683343507975622766688588738333085833781653550051536356731337683753669121062424506546432573282697711985699060045563281955939589077500760723391187631189423196511496856363283362423782631118942060076426856088770408557172563533712825743948099387707626044178776564853859095686016080114451441417616

432747436471755180980262330906656556789966807526908496981491414012498437290159270054855111616112003695440004895874920135886975274463969245411897496446474148770419921674251717930536901983245105297328813107014985014769311085624077696478907798863664172197880975244800662351602740425377911066665652321514621592639994407679445640736362796478437885909312589803083170136120826837091712305901938647123804125128243802172048584254924731565576598980096563209661013868418322441213909367836141067100218545593231491123309438174980373518469321681338710187561051350682610329583476194816017685443389116953233752624808766594190237261
138314077295779504235809178094870478467512690307061992564906829686115192840513330632260646152355793855377795276320435758858923281308144968170341412784319458167261554901769879401931016591192021556301903930399878883488791713916994443968237438927274986869302900830599820029280519508524755839094989545869951651934803372839761434758050630235716010380853578627934007310609489077079078263209627808851796760094712296702278730815973522315748412757071192865295701471903581870944335446861984539018259415828130448686186103736704998315974576877790977813585844077578503199787490202071033729834652839847567162188533111054051888483

1314680041389784918985352815232271581426412887242203405483783330358255356364183381343031981428764728094469020070780135219508160806082217561894694346092514059682885399048919979538316069933836292171226268321910655276672893178343870480913357534027185111681456007597477902835170455847831718158151856647363169275081866806375347412089149746177985853440626742916289917703871543050217703628631296885330928187411394358479337905002408702495942622305446191449696994601834868795901433957915840314627463216952904160797178972518288955803407116147792858397583894746812138804493473243151410252811533839098357644737814472329062425949
900261009352945350564651395014736372064734152290728438344789242546639741705590112966223118392064423074732636147961023179995324325070755634242407213999383091622425005196710375062601817662664633697036802946868500484989393151725563015231725759872999609299442636887442650476593674235119386404201101774250460381618862834168400152683509525462475568505025934083234421584474583544652658958048424730728935994381032939588123068202559713052707770616394623463056767789799445638197501403877419286782465398051984429356334491712948826259036638981521511062779318537224956595323134364870186988961138621830918188969824587071434887505

2621388747044132094183304342961262753094136909825603128905680157522409403515767335853659650721884329339366503902314983382326568284390353368066437216914762411209482855686590175130561345565345225749245141813166752157629484232917751521009821285233779437486238875519077256424153365523067385499653388922839553312377308025131107348564134701430565299481987993793941399176099495889594980108890642390133549772113626488914879272658098874301482492156352028369105539688874936352214283758034077614645165874587061193649916975105314214779453711661232248085454811218297733591968400095199118230626743675410173053457442882873259165591
24506030373861200995680258032237071870160363257498974971331157806064871066618803702309911193496781887347466214330986639140940226568249752598102232736594454502510432886781538399897130817491280489398347928303173766279063422523524151895791172892196128115285733558572519705440312857237484130684903792931408943033606004483808795461767727474730584609000271004189840198327646729484986948668277557690746238846010139067602151959836990020332376873354003136617536304628700023249514504622158447086204998567273395561649348586737208331336318523423648994706209231077549603348286722373101574882700998635534005932956566734441999019

21724722305636618424032426784773063809241360319290163003869408651779541168761688750043863442703884114190856517515495376361970366808079426558242421786909808099816207028401364003035511779667451633726653714021599354894341779390255086365455697408051128580859785611583035342581838425615965215429033790573465938381251921314902362801688517948826782298015043878590504563681488947444067881848245345295526882930367597208349787115119286347024999334004504127717604484259223990246572469618493248882309884378532502234134372121667976586380289862870328953999626194458589361326260681336329488631158764519231612445314391014039746559473
18014774687276950039502814090423391472873291975806072473147854078688769063195390427502974564389367053681377343881456778687707599809532811234967348708938583710164142759612265919082450281895414674601641483198854112507501608708281396052239100170292729564977807417873866680399699792706616684693155258176153029435837844582389521149565008610004624313419329188018461645541386819346078539576825510894320646891652347231516453549972349435852464934036972129792606765043505834708601531003350298268054009138053686274191133967837775415494527101979283195575066430918478888226338987321084196941641116470952330131528663930756861517508

22387712131004025060393119142361210079618679419066151339691559980025224653881945777957180961571464712134313381127307953997291112349442991601501906075578660345667386363488848085470441729877065876494330272116607699799818601721039732163277382733782538046719982780379015446075132309189830017115298291296207423192262665347651514326922919034272861099841115526400252983485191278330107743479033049705320301144342237708361213528738493515216019137750233935058423387132730615686224114783138271191247397450906287440382115476856043160992333224783164443348509408492042998339885886368068594011316825006283510397211567160860167577849
3655415502613830090416538405845928586817954648724493377333261587113234895620833819299416482508154085160656135510019811841062197218484973454700023414025646043115471362770316425289636593676900881639689425668011709739607536998241975295391435662752670259675249239432290472474629651516101346772952284225980577468473358517859759611222713812418473446181949145393616358194729516724067661590309916304389350965441790216993116000704929163752286169790220179871261164874995766841652182994931343888363417350066591629624189547786174837460356226849089886568518957823958909716517777105335584296478470697078651356314670060593223685858

9296474668660102903629406464609666710117145987312806291689770239253593172590406858349468140535188650745620609863835899156219340783108103188503516670033940541848418092073430566481338649212402774748702002554980516000576250525716283347104052322440753887657778934909452869569210684036471783315796207303213645597221775104294442349081836260828518579664391376841340030378727017422056936580939045590068594332061959142491885443539209866622917090740412575370520708314111335447821134258017197014263033320241906542780066207897401317264324413330662254620722215445206907643317015602583784851058142022351384924807462025124146522977
1914493750287371340975248215779939370238140306547011401868297949004541671871986418565684371659736911654471260784858957650556949777711804447408059152586481912388882299292443049053269647372679002583409415039693223897829359716755859319791110243053319430790720129964096974891757407199466418061397671085068730671348161117873576945898316971459926309886817873007468767864914789686290365083863291679906650156048202882370498704090228757286493119695993812139093137632371486646222974068506327247609147102211094995286390799407429974015492879355649814311686000280568772167144892038438857465648954488791873165279775916102030849531

759918671148242718041651642684003258283877499837954173236105328623355153543274143827346161943317463013473231278536543354726735354978666602757944807847878174869327429359309800326640973415197809131997419531632489457720711489292595833044131949276900018455505566220986084721335206990137948208905464080559429936367742277499608874112119567498581109319057022195508454380638664132611177289688198946793829114850243054425343615130286014334681974433156585475660901506232203703109706306695619969933231642648630422408058601809080314783413482662332113048388706454609014442678101349904755668261383336273268829311107767811401248169
517186198210789153049773011448575055976489291606514915734638549629794515528127700534789442430878732720058610202236735293635731411967128499677931816430990653380945118836830479311836349440252807354838765744587843176455068068740577737054384005103406536979751508458025830303390654598877170115968143350149327997228475422362112778260004236318454994704441828330020960691070613776491664104241874530987591567886762776412488283720247869400511952435616326926157639905477900274600663596205917550624249185127423832418957744678326985382882095708327909200587932564199010389472213381591406268705093060723317075713010817297010849798

2637522920003681331667794511390588259271264884074474186410510599409519578088017686449278377399169962207970692898872558801936774239658868524174958305072780723907396082134749615954127286062039129214661591643317780408431908693795868136690402555510175557859452852448915648169424052461645500674957088145314762479390063673886012196531761426481465623004463152127865656417527939122017157789814620250374190404745223494142882061298774539970570530270928766537068306361748734777231252577677079144243156292914846586223687895941082391061638272934439307398613158778429494943178177711614101733279511670886250228796961745301512707379
766327263168414441096602504239121816418934941995976684896811747718163423047927929463052127508399454329004758243019949503298192689341187507666403330690168882932284667412480009864015131194285674459940170852568822422265158147401400043812392115621300811489662277909131410797233312206013809941440055754102301726786405667882000871677852911032208781634432755208111326303996644548081676984981868404078288359443205767837674930428102140362536587364757650102963053405626925973012965129160652217814203862213500256711079642939670521549441192393265355323273103910667475611502253420740504636041855301958864649992613717509294361628

5938038334534405161319546307046041380149173863344833275397106466865809148901289628688080589634457719001454927300572111931780979614012558912682310695260911143827908235039090983176384899992358663354843994496900464494688534839142077790230383067195160861311160433992750492192254196255593132847746041158594516477805340729962990867731809769312748122513931097125159745895312875029817153312707894885095206640385680813100825977328592488715253375782839868191541653810820590986436535971807463053174553727887937543746164466415972908388959129082616371332105836414825932877992110755491681605118535755133609934496548874208321098621
4411453142963069065892007776318727513496616512219352761640509599817130562829963551457265638552888544061404164817208175811401818536189127693021594236275995912247044608965511292048085900987160395046392707667035463168226627333377157701396800341568712637007485707494948374714140670341403211487613615177121955587881108284566087034856516491639798693403438984754591517639589353653694646813344560251521372516596123464450593042855630743907087185004220489726165038519855714464202103293736073960228644567583013007498782127137505030292905143355692858742898484610626326459160578868154927838135019539682815970714568822096416769696

4649927346851110419472343483655371446830626152463198107383897166202934860065401598615857837932401149558798681128568467488551661352504250928833264057573029559312473823865556099421166895618565732509916249601801167883587920060687576620051214777012254407026243788666561939111518743210161724666984168445339370162716753612957236850573332410923695806203790442186525024346365212345023087062718373883104751249770171561918119357292265790400546641133158291875602615667471988670994571608155578500358375479870927644661606752000126032690382121472610412637659400915136509152980397359033445498999800012562152619185327585374695308889
3218858092949931624701501224506056737625520805068642142930533887233953269955190749928880781878486934764121117182326416010447059052755722216943921470474094087305620889929360184065207119245068836248547160322001285146897121446826862185890693811023992696039829276857508383222442096435305762767419371407440131486499441953915122033619923160394217897535099970968810185291068584426850678791983626569950898271325731610945975321405511152526002184266356138867784043508248061339380205807597029470468365481895673612615527031209614400360875785200807331434697559938302310315271169399218341518083956244961090765333283767856272108595

726668994440183576448200066220301760150236509097340544869008841366923758160598488540371288159585665629355809261715873758435435389522286705110720778319829259696186352020066227047055625910903573590944320698743400903670718828607540686836934413842567701690182822607308388472446644351238556148154636113168493240832670980044137435025990661465541534971911585963209560399396151537788100464826094703927238974628528422062535182026205394409737728713649560221042295354050829493774573424308635979271991771201017896827337691238012425338790906977873558259438343998355031994268682541134588265199258652736940931874283918288452755077
358884731517721773172799658985012338761429141757130830433379657269506707948989660361275604256009734424094636953359861787474125497883813537284943578837350998855596717035638501599859314641937723022035649166316033167452880238322749320655463927590965872173718216250126215084087602908084591956829586604704074643422426976558446600903932742264504735288978684277540458584399262575674975280528495811117489737532940022487223491949230879940982728309855443061718226432637212906058328138338015438851551029198419339692247025804463475500706828912894159890476985345704899437200436175516605794581905187243306034583751523487966740177

4783462232495901667879678692681267217442103382498223750191013385835492578598315062748691744291358916907591532592746361138704326492238280058319909546353586290561252667655481024285921270608232850886895311198486557782606952614405809191958636388750212565935010861108156475429635008954998103778133313009717589895071049918886411219719655171993439613774277955276514121199547201229367472428981139272584178045125831338117222236928777373251023178345150529695592348543596412727261455671948702163489470143640346237393123255313315911627620272283774902639400887235064186595532769923411784697010590011744377804887398856977457448529
3807248929096267819641128632007882066199709065743125794015736937525478273716564203949108323249886606522959021442667681928370980103737617666574991838883783459852561736318296066034130414232913257215365983896057427981333423135042139519459768541641088285842034456530243703299231471767623697146020491770908987542223384454307653485540109925317995070546850427279199926106413594836546830887492457765425726461461357153637218509836444180451623421750991330175575439706607230467143624879058577956645210621550736522814481592147766845363392147388794821911281674027853780587766701261724062239572384987554153557590110970113181181685

5193020172253922603737260555338199024336432341620333284144917597750413126450028099518275848429025241929014753308324548791344032975759850245099091586718029538520520266077896273792974880313753965644286318961920077666608166418927502193887835317051079651974894699334917190749218525362525618237325854917418392835091047414542438381913596368346701015340232185982604922201303432619859231797151250414435504120327529363206784801984560701386244562404546911658669675457805994733634666409797040527440190189541603498087493305361082086875144701031842978262856702261409722505436123402565320914409615015045485634899666873804285027231
2214333286454014880734195182022986196853333345808632066878341863672682417697042986762690085793331653220201048234070361283209126807895728688629595627827339977175115164805507210271730190218021622567079299647578390572963915620307067312490670408066394041935064251085849407483395104966923430127776448249656497985763587874461776171531125089560879013619323113184440212166468651423108763107954526415258195074244165271635430837707739739655536308842643727639041349150823468216128405337535830014226009796466258837795740637186814064148420989993335558653026685293617945461414730766317459144815473721520647128743511787868333023926

17661856096559466116108790637310669629030338075944638737471400287381852473912728462011472500210410015925967551432777712083412867710680930895688643901629075233195439195771900447625756190116624368292449929591010409882352500376956223999920672380459477320298840030891452844337558994313940234912887757300529511460660249839935731341798373469542634645010697420889758554054171946556265741716805270622071438228438884102992377492378987880677534553617911895138281190780691888733749570275591930880203413019890180726577465972306205801733504372443693727206763174406432704257609061966172224238741487296773314124963719246896545817009
8934219554187909796130206907589909283626507492599812989190988466723402763172461262554838268849444551976809798339757717473594458225753131436716658715094475640648184432379698381179139336576471815013311167516390764069795058166846221484946148912890124764550719029023828243988540061585916883772487864182942962122663482396762554575817557524371015221270615513339951419463266185430823065461410893030463272992863645411561610079388920328753104887783850387037447436024878575784772635979951135774917865013440091690732774131807635789649008432452883135475042832064927806765047881379084310837690331760490595933399332818346814372265

16394583186519541293818646638331524350193349772032698733000380312476633801949294646806957982619457146059866108005073911317641451367924278017487698861433486463105870763688037795630460972619322680518080498735868490354933111391551915430829795734378072939826965529723990774516321445705128587570028732450198555250311931938126655927450630877387410411263356445216161810639120858105552713277078171085477759920651087194775536959503346972617634136420004611030355045414493204006593112779996142632654565080832067793814482316593234914845647137618234482169897806185324020425713287068882485147245973411209350466873454896722815219249
14485450176485030610351765015547574482387148601722819971359897241404753583312594627014575625368236922100806686412031775616803247557775798896010651666135896518333234685845581208741694692447290938027362726272983930836469973602547713903154924762893714472495475403439996970982754659890072034867281452130620965419567623510616934440187023942079333249870798899051407965213100507809448463344113256431287350796661881250779596477207042348364633549571565412663285921194608432260296451709572013314654949475686210198979167121901841392668248257089493478331931256323630257232987212770947226990193550708972334619509764490514298728462

10941032684868338258437762883618231077123749985890935369411625986125595436113268476771109605692325129345534323439831174169325377508286489965080802957689830738807399588713869446670264138375471243256351628402341755561644436463760488811977251779936722191184314730840811888000039050960014889908622700572834773910179378395150092011561356742968783371529438517591866466604505738386519176787968734481846482630191660068799195560603520826403810423506525630230922527183964030222178102141214262894132446600216437431982472330780532631383050101589932222425857953289702937111748459429683557924724529167673656197741532929828502121173
3824113913573921878623204249205352010328926440992017639633988602688301870610535058492616088053583438748911230772340991383796984831108196504663807484267783346367663049502451786712946188365441871349907515596816485048784805910242074159662336745044204544912709374068816551432338450301498316988524557487006555705590348018501494933595452001170732775584671456899698398559606820500101181743771160110048722802257133975231937080778149585131411070883612622282398945440857856710379067372212993879061251632870470921219947303924667028692535123936068583913714266584745405539006887254806989392411923933102587725358207360732558747082

4094918432642542000573951979010545924405530340061216263082937873648238698005903088878361160075742301083861330200035234930522888111990438902239172633021182289678158567887007492640989796650911039859446338898889610599174157296609536707526014276968220344373385520363011853740076474039669265163926655052942921731346556422588186353325977050467088702029656552178009967947841986910430393397928555053758635137493103771435296180553913573493880690741881515723853294590689715690482198598927821505170107029704569641236676053379633166532487550204032017843462125825771246774286538499552959439028344883866570508277165359110314865521
3227487348392533152767478939456484442098308848785038250884287742289754966982885734632795932550887205786574265807679625060651816944923542386315124506744626248047719181878974136339163048492320860322655567582679568729982936431614431528713129234838057899829759254065775877060348381547303236057575768992462367828439705913165748658796511021637507411259646135070722874983142410648171262585973846450935956435506302337020925203914846313673775957931892417493622924127993273929184396405569310837819905814758055823459661634406523727531474747158484602237610808847154183875769930810124041261763611030298105477818973348049864163871

1859834192036016752808867054821499186784523478888261445534995437183425091922799310437590748948354413308680972204650563161286218849352332165284787218822926571643754122219378419913447495886504014166527914255862821399623288489724423387921571140507488537419229430437734115251843137778268444988745638083188392734397900579362518959739965591972278500373352946879015059937305623892527895583374364730005927745293784805006123287023241788024672293069763120358505866328969742533255933168391475994936371912673170663437898028311677132306176193395780922863492123679962600188078324576297022604004198960100707938893685198001857094149
1056352319634713371828464871792601831699763301567500138393566819891832117264870092442161634160422016983748262368454510992217164735708785638253493381754917424860054323138471134500891005425066433892736382296603853259689432798783780800853546562399705132257131813853012163329655799825171292136940225314724184224747978265297916106555895478744447659743531599773810356576043225799785505496686577273134732773021234186498236910051943934342512254949962636299289791561484480911995165380206681203852095199224603914130769492591411567423070441081434203711553948176424462358501098776991317736499432553528826322970492163491617395948

5808415739668943343610437895674510817707871297677041618407521295940455974482920328549619367563545664470296140110113299981823859176476784004951150178068967093182634240842956227226555394818045847004129285828340577045447078144844687566349258957189962241432188730254930323297194376100321281353302387425985349161647865127655506199351353357285776463100752207723116992057935779578217885916745393395714852770182251689639246658395979230613944242227544174998819137205487481315702465086888517490747940694083450708345739174407950168239692748624432076870200509525770986197850087448164612699433959810220276425423757418176403119209
2006323702131194108650961795204166682926667218429885695081992903275149344711477443267728373213222764896636407268437096253915495471895937225457690403037923889311061771148442957973260552435068879319561697077246873820200191817050650434986440527833130042119431295224146812736389993538744077307250559990700274333461354253711744277563709329712691238381191456148095729119704768153831867550657719980602513510654089691078529320801474776564529779197415304875538745303248370465361242989571975518147428861430290464136934983757606068017580766457776575535138360766791768242635900976453660808425794337774904544544799121003597579047

6319042443271707884775340349291332510301730810322225168425633428990821758871880517511413413385949962195131673216264816105747068238892126941633046979310553854538130708991132330210486165719428513837907472691704697715572076199890756747078879990769251247954100485753669991742107096397338798784285531878156320770573590238197852761591834367124199575995104018771365661586712164239680622196543050873815182468818006467404884294999710224882555564627244373523046508246843513459285600022798246076196919228127401415794323011313885872431545777081458567577315303632357859374385032318417052678993095185782601174189042702375376989273
1270946819596506605337085675533623905229688808258980107343113582643817343954595355903760177499772594000363709708584844081781781877777387119454403980081349372835963765351234300682884985188993074392825883085462507476819443233306945353766215498324760461383943284037207872772049063705411052344996849652168187425306693790538143367466518018458995366128573996160288200190720574679543328899746194124225589526008416607286144267019752536059608308225676784686389185940047210833981762493957131673010699514773620921858096948937376692939184496588840849260029555583247366525079724739279223783649645657541599929606805754045647963102

12721340044370204692149970699547933375705526736687476049525267990908118721349778484819644797175854105687310782488748346380436977756009088227978167563555657134654047634552836929551877588407014731950563186315027363066290393530724806170563554318191152716304342194878888004743722180216124613065177491661906991193347176952533001089408906957207669801850954275685275993754446419113602455957529932884120049029544015626818859972788671988294432186938724641371462202518082016234986468000420610836720346409609236523728184631608045647857308682535241193968840770811983011038930699025730642759117058842622106976254161281463787949057
10302851114239300127829727187794390027428439122362368386563210963302792255147603342491426458194888250194935559185789422899638198677266589089719467766919259791620655551309470390372123828516452914198997374024845312147397108817761147345319800227529226691454484486291658375544096371887552950957249208024395830129937030502222677704134745341721441613854249276590862511299784228314917482112405947570684697264559862651422242920063253540132309337754257207994805919990535310633667447119065572064828502092348109526918848219523059432734975740658496347338334852463938216898811781214954269586698390303998710627992482958813336547574

22112364486568034809653629258869732999690800402161072549687979291298183355399328485521381136629428537041672804385046838634636347402832801438899812370664077900740348675710491907464188072807897425810672470011608366100706465728398834147983722723428045499418715856725098565018875117627848248617712670338718989278915248559822935742434688010674330683077438361411182866130133616774914404217108333040987437498705399788238418113779962418179528736599023639417475027702168162153329472240813770231450992670305067390956089987178249566800450355159744230377506682548867545506038243152372270366853548587001202769136245592278692673389
18053322863363527359124185475827578568905838535634749238567612661404747057156604197583188338433583298693144490033506902715315456842133543649374405084601277177367988584042479112967065183585518681002975981337623092059002358978391546542644447032887288654570449953934408150146747629592046037694386222823922308495628928598635864522499200822681528675010730090425607623172132822679512754818900694241547308906683250117378850729475255817969851823078878116003042115660115253475145484243110992817142361711051032855249170191345795370154728317391003051622136461509686325640690359465188828201250855518456740993972436692844812862501

7561632172045130634210753092586204732862872019248122115660727575656390796096808262237501082811148290766709701661606755076636297187367078374129265907004669062830947674486008540517712024595620332621355909615742958781812074483127508942437999317663478614330126845931665711181349555555376287579824280512509976454502575918928948171222575131404538698802861852565442957167326634137037642242661134030386659378759671485552677277094090736964991621838461546836072601345967859695198855381498669347212481085510842779331072445957720518601602162444928655131542822558373635296850688120187658410706052121022332584316423743153699729389
6854233236326625067370296938947109867764021409017500096233298236322634570426447201755278213767689808318499732087558432607413826732821092432150213814776880909193088308847896290285405750248281209909155216271790547596972514649119378094909320719374468330789410492082066856290109827806571236801864564939715177778487527031282510251962760035651339650076729687950899633020156912055875769548813380713996581075747066809083750171739693048558779574932314858899411822284192217263002926197710607965218019891159789811325286885053810281136517697473241469825130814569079559095517582287487760285418230166846731329441604390338064536438

2424531201269081326935865675362358223947394683943777114831317343463641232223975735241990158568063849325426720561327696072705943916147033031718099501720052712993972910132040855901876659042713784002412324501947197450691462515709177944939934332802722070946820343069956458287362820805120687107573844645494838231151685661568567469321958744218044023121548205510879658126130183146690361382960042345409054198838931794370782688091501971458487215808487218763879493658983617349156530694495649274386519576622464556932116729121278288559938317487423352624250567339290797910414153704044229107537528649745754211084727464602134783409
1413613353075796043405039256578718456868284072665045918851075749085004032716256950865496699265700785221772598289243072304004670992479581814562568596778523497585743949657391272863799518366805364578985280392791593765553019647003134833129695651788178243940208253022468654917641894085876603842185617353231583301258126215655705836881192607568433461012654863308565566836344687463331419322780637290093130450498399141299913857060490715488119179168502639632069380088880295128220574021080831182384751682154411732011300700725335876938338013539707423712472309531931340063974631916184125649069041077254554945568431379972608227772

20592768311424613387897395066943812105160157439041594354556080773314559085628985140415667519386848692940142636087879372400519922100031137836149404897264234786229118531935272717714406151411992231300794798360153033091728705187091614664477224776150176704846044710914705365830458964137949935021382737446607153602965900749206579405627210821847194533209271107550227773207095904007237317151356126055633702714941919584623630279581960238305577482998555060973058881892060250778574184787099889504538131912164214266227829192746713024010647247698879929120814605532229106696982320705321498655458706925396431057215264702242981732103
13047135075327442789458637186763360455004899347297444425761054567168922751092868481810547996407623215890030484923669790741256467848611569457521720382889318996812737034237559963437105044599794580710580786546937983898825473522804055374053471383989373297301964366420508903792267719819488071963235366995731107009424560460077915036516924460894044285017010092482654404204198116502645504315562644518637617233665204855472087830428580597539169117902136514314286767560231429038713846924635960392056010977743135294095613319403894765197702905469808638741821126039539989941352362119425979819356003830787618518899214845298570133764

20004575272942832612491389013959955501074913939980136520424557524623700187741769969794429191008848765685094536543485097325409542148724613732550186047239207268823905339942193818537311778159938886376600098522484705999282348155961219936267502498212524917434411784157283799945012963943993132525228653537970358219116536680293937730383416559005588115765034050858639649569985262287303885309975827968074184053654849096317031293434455953210518469282180842936345987596175930237629673889561883073053175473498866974028849170990092718850559718538173387673200264245411262573956360682059074356322359606661837632071946761237110625347
2698172866075899526915496767934553816911410297101330144002371969997789249137318955466450456638972760716111087477986802908612858567102622629103032541626263587809567836960604004898222898123606636973060844617759874512840713074255125956032502099220547077852119170167679405336269088195585932566171996763073534956611448975337202545969549913402871502539403824765634115828889443193714733984127452061259208462789285343784873060518695127104282262035250611642949221136185583919209728126502262209434498277150572885481497082736479231375846393217114400124944430501887168855152460673716555753857469695203846250450597149318035256667

10344687608871775428116734241284495125882344063355036544240455745228660373298429338544183367660689410524053726275551462773894470360819509144196238876783870750950674499154664830453688092213311404053745549197136265431841462466570430887753353007121995387426310924511512213215070149161356048046925716540515139597326837864049596536412818678191737557267462502388887983973008565988063650234018648060324291895791003051119182333110376326309317073016017346905384382186277132034207018125843154716021647393566305265536881982500806561800299075089502323759613910308806776480177326163053031777164438324335564659241014782743521233201
8454148427347594908498747252406082558810543819045153966573180192042189589778863649192348942067008828409712334580608242447500853085727932607701308261601541956054124617753748300266932225887391044342779677192168359267378387875148765989372709625472708406087643706095754683947248426225350816691220798331672028551763569287602891355019327879938645953670629428056506760685372893999611177295278328944260494444014964401136751802494838391923220582118664223497291672292254332060555735711385427668728769568048894617175405889506754903587156767019149072965906809262692668422112982478293534102213724437648662124724365430085440062620

20588333584529739148290238442374031762988302714660320631030176698553352617873943755868334292379923239167088235527112833252919731989089230976658492691059390908540192385110771878921680111069783583943800912327000706460257697911351018843900512771107315718620100930247092107332552420685883336334520819283658627689617361020656757703687545492821734733358374906176061130815693128489533011260447026646994162719647960890481747114956185270188435457623788373574859974910426307258286470556509032237685792317966409110860575562811579334539857132079712380856013120353580618835073135947900181016496545782998247896034267673521693980049
8636083615091264629170166313267112489091101882984746195970410563020220185761373495560458833410433205961591432201564948471075195441640853693297749528104697229525872873041275598218901774825949395916020809842608149259738519295811243835664172884676315419683691259685704542340490537056377606648952950513557418684515249524976814243988072901176207783905047993989137493696860071676746515913455095013610687794852882286765665582584654834709147512169367123494785764276559390989605168057947193181861945785111572071494350099363223757883871714687466203141039347890912478486867506392928585327924093487289764312172303759277447018039

5908936612112750475487954599084605159512213076573476664518358550503167219070528902752185317412931783543011505005333434784980903981640013211262408918507884449939020640840616637877506843475585921423960213683126944599376058587754394079040480197567532926296482554183007295555526229689920637729339505118585786232860664579467285176328568088748322452745386213982223472969480687790749781423125492205516214191062013819741904265064050451895525039742940297040105829915935729211039113731089368853390339004917059071784240710600235843916141529498514837335952497470035652975682632951807634735511576276262521754887914885166930354419
3093380232773170950778681406401161537332151350288826577826689336894667338880572343465659173474231688104359989195160728574625801343389287612706165878556373261006198358277781694337189622282894107791426738185048865440710225912512710063326645895882473491873813460840732731508106190824080272263606478468842123946600011833329397765788654821276255683858987330827110882995339497948624818626204705731867920213796783610662124230969445882323223107741720933631566434739550804068569503271073387172575004696696170571240246500105160046230617514923841649455483130337181726866732789713695044597873624454568418948911019048508121437557

5639869493380034770749132744123857759502796197287006333133296082361836521278117172438374613149731497217004422300376332928441541293953528207158632533128121949584800102061571833795893487826863108558734157495488698597763821063354388800025402680727310638367084628821653423946626886733073787630099111243348916531064343260390466474994233661652970167168796584921829977668315510490771605381119932368084941872306704547498983887034952734797151231909916228387873896494857691618250699863075178523183095436495354694445845952977758921410629881408275004278590664534549734141635376313191951384442972963116349975483956832913236696417
1985434610156386985908148122128015281375389678766529282513734844021991467052842073264624217739580625268454219340771689078845930794980228047742001837150544246582668914539257167578270456693219001818373314002707488388486791901938478870530569016157318088504069909264280439265156947834388975403599070636707054345344236354546734108262420448232122183348544534115195555118369323222744142722422134190205611207091619913536961951812901023355271539796952462987620430760826276518336343794564741571167098848305431506938611527585082688392764180444634621653436274495965775213549916989333895097440981262852087284666487654128413032551

2573006351309411468543439721264162122485801759199019964256519289332614048451131904136978824145057484137329732331369309902572603015998099835691903607113633538196156010805577313126017779118811710108127652140031685044098666561338425620049788325406266604318918239719895085821858613278701549337371805100402704449251151807214983710596162353325332241259611041772332975389879095325996990454217247482989741873638671996724039245092045644864708293774219228941528628774258425977651541193685335806344718322850802986552804010270458346072003715624187862758488000240439767357532292452977112648348960943355722412200581471518789770841
1229099054775377061240950014742303693053520474462804780637861242842639174829163248531119850179681932535573139824770104435450367277293258036840941092695611994321220123395287983925024021945181015649595923676003781808570738416715466572258614602763401665769484579618133344137918755730321359429581633354514692620044765994885099712643159704965040180701135599832303826741848956320745975720957519439493132216582697715692630824960979187186129678895831626136233430699638842413192145945239839016312521852328403108625225635883145334962107905747700416250036193121707196678475847770441059140252687191788748411173621675474077750623

8258448758100088513410970488647857601236725773654723579882163347244530502538859617062887755300820855558581189835384330851415154681222348565345987683571512298295387243686274528060286378095388618130858871017841186056495402359738384511375728398153412103777110980897453882821725027962139029019425123401711090883585517290635354859472131153426419886176099743569010923656198825802591693967930176513156296695895086011198407146586798330907343361819588060742890133289111327726446727576469981119993496392804996025365118952456889423751508824938013048622120090935988447653178997728370873020765652106496853730506422497317756921493
1590333561720531795195162391180907444334411048239791469037037864108416626191854170190747255294863130023408853359782440880341364838377938367471364259258149047154668313855215878673678143272044028858228451573651983027928041182630142386572838933208804193679551021820323894504400183438098799886430888773267616358619107784990609003090057258954508721584142322156920472824483910500535101864026886417806661814225390883344527548607769246691108506810542315657724958304422421624977049683541862387905170619555210267673835275882971103014178480484580989068694583950468820171456764175549141798411896592144553364842900325945445285705

4923230435061430705880767205763153834294065327920655075072354048955131613886409143032217607065937904381449649814115753225862480382839409399472077485500087382340650443865022300602703033498672564540752641753589800538746771641426887891497233958093509063102003395180952178334860640573439400680187737884085403326733500653566266682489658672893715224368110121459209917373537038501689765208229181587788761048990966116815727611563284459712243731995393013934354414337403944613328230908953117026533021730595279609372248037085944692163129937567469300922354517104633241145139183061034430677905236551650176099427019813976314651467
1418975025590390747006037709774964696067663248506334152775744154262056171020906502284006917586703748108577967733983108611996820418018401691999245011836687278712305571752065607303934352372585672185075207304683758911678908442156117053861246953640015126141492941594486453832657953865365506006761800879210791308877075495857881386142080242848156559787044542144103110221423413718963329364854476621387149958627844199363304520524246205553774970223874867278056879711974089405180071234605725370659339724265385146143011343350970100289807844142633426850799453033300575381982917454272195387371325077323194355760064339222850609543

20089796920134462603987861834892009136500297036322609029062070680914406614675036687548373914957805543132805746688525552966959524017528481098449195623450654865632761074525735735068322420771687871364004026918031704710844305505949688592212057133047938901397187838277737267087716870393160599932203426041620957192912482363770720565132409189887566273441318619586650738737821827052246581633386635359439705090826220521832657898027427650289703848215731403173441216207494525344973562789079693184749624431722465079515645970497945683977052756565268365453417921992706287532331701314575173784563769706466462750056256120423460310187
1336557712773047135714088440565713351843171770786019469291418071292999510842142286625227109089663524035507532096092827256379295313068163402298140484742115790667805221411398698547726839764070329808172704626194462012893346807536385398571629845682346008461156018247471614776632855756982559995051552093525893465774129755477625381467645279831738478206417392212427096963845415605362467427648292266561956737388546101477532788941265760890748670930108026695009596524211350215628313795937691387392055847622200474183913421605612514826634344211650202557969465931760122332339468595480677044468068691907639860695487912155200502867

19520334573101682417989671865627005117822061300859450453232940523564781238686830706268473312539906675761127101734580153106015373370823743945594031343507840912641991177546618599070136156834470137645734356794630980477633611106233971770890199411627077963114999022680491808177778736728746111788822744172524209951901240227037854942724538922722909893540019198332101147544114704564517383803359726540863719026948797925314869723104265457612611138967104135149467656226203616698003824421816225058811510926185803252090740288265828333385723259158732791534499604353135972424525924520408730289819290088006970848597921990787633456923
6455338857025807516662616945768898330679622098150244254389641257373318015327762603134765810273613834639601728463519358407400491541235399850441194785805950298675326996405713826891312105281683702113109752739576521562679392557296083541431255416828420980103680036573186446489442006575531221371689025760188970656501146290006887988633841657437203096975252964792304140092426419773931912941963839838772207017190767092885221961951835949445414956171055384466999340216472119170695362244321731839231795204737843292094308880146146368660024143536937744954750042232698016823625089047684480312466409201466674233169039723237521151757

