8270602761720844747933197524210983383456721802733286802685774858740884121836170072532476680844326409216949841616859867454944733818183518078799290441098917884660741965468709314948108611911040740320878830279133313996513069791866829606717471127593476186210105837303770812443163005447149613359592190358868514452669421744846187791795884097146036821098082612004294710086540680737293134519798706270864807394271571388690065635475649407731428125125295613432189112747993019176711181654130441506740798034421947464137863899274919770273633584280492707616684942288926948838750523296410263262969593061199345545099478747078849043293

911487544331310779894769336791943905029630709865860446183943365457124856483602024953169080538343897195661507725448835606862551444021082493352780387800876523859336309689396622706057076305975598201443635832548308039783109419574000949561093209032444215417266245332862941370313906911471463745223338286432369855354318797742509897892857855794199699421942245189639111090018183968039168513296347517191397512336281185126725444039260950574868428233720237796703585290538152305170174789764394980174321392942851987247929169631020715669182187128376159735166736744306021436465585648648250407167082689533541462538919384848470389587

2588538245152421632465632735472258431574039694661991758980579302215523045185011987409391706643763279286013134960967330356705830271126974114736200499146306747383831952610221219540185019348210862487778982155302968304306505107690972401425832253425842559298515005861364563871084522533768105378042741556551518081706076520025362198176857095657038147409556423481775687708081083193175766467113209547926583710978400485755278315344532385866758652848667007275869066517464864706396737187264110338417909203305058011330209138962351240556916794076946054277482966133749042349638283768206429163606291336155549554030502353039357700127

6280099846893735225827206667415246402441077031258077344766029490469050156080294185027186277313461402255644499445014768190359772397583870999627700578189593975631537377228429290176255319645376909228749774993759800831805179400674861391503964012609063077079394271166592799280649634519894051969990591868135778451565264256931216259635559713049182399211098958839481667367061790470570379489583121317167593505883417233982471595253356131434977693394650573124875525153780079662426775005425828646650532548122768772859979505375013524636923493563537785267661917471893992729418671378149382024061525461638123684052426689490150924289

7259611972221246820873837978908998540570542609117983738099047331757138091433056950203642693886792057628413815030377483363630911914281834572398507636577565931062588031343032775276230492874178174994085141047670180795562952292692254596842913060592343966048506138566690019924972093583042122453782611972009895471886593887315980292180528528572959564907506694114428067424199580853666888743835746990026553050072269489316270935069170023314216643779335591364920011752482409128869032246350993287753987104296979688007466932364793649928303740034474654867813292263816797619321500511054612067901948253595234900648385341768921900457

18378879739555226216120230362746819507290362433798913751041139812775362952717524694744836114445597388988105591397234484578521143016073112677773620994521529340082203377779510471463151144755298887678293061363129078234670807862556156320318401548918357710098842262807744768564091111703690526316074469004145480526802613421930291874096050800463660585160193115074341059337732962505569434695056987303982854058527225041073317769602027288256669800738648137744920799318831089458580930135978408253489859138009217770808074648736966503260005325019646621904480066855861997746010804216412498729808613270318247992185698444033175022623

17826877630460627293638356388362130502929093745663897217381707326481921343106653901895216249661695433790195427964532823601124673559570703769932524563581762704935611037921549454327820014830097281842281477974151373385836634438138983344795318427342743674864572768594917919630399443420000106132638990402040256776008904860636062896872252597139830185183233352312228282486549549124376554214340071667065286246984981912984714450293523912350255089390179130835646770160288595800410533149341839649190987112907745937152305354854117224790076010819231460597163334253433707722194544114655610970871265401254620680704901521234915002731

16877873203521958482441137858880129244293584729949251100386236755722402516879851794424466271769563735063939538861329751297339655748370471194971996466601412780309610982652983430375404665435123162749504891926337740160278004753894193745492627367099215201038190481041457864035450118374753096297120650209429388992199278887741401852900800924133525489167508455300829055315495021829716137612295533675932621509377243635374245238629425267919839255708252778777251153871903156353041786404237517046866918068752357994305683170018019244806355609886557449755426497450268541052461880995830046101110897836833925828821263764702682254969

12854549395933947036920952361754298697999149809886209826648220077161248155475882820372195858448295813679885747910172819924325188497894899235395964818232253559923200774150173886628228548035045756904634467673239420199208815805478984486469844447451018767511875320639373078222411189431251353408571195775845811453692292255698859745266900784326047771320629764609191298017307977882319129849060970785475431378679528860826774375715324619450232401586493708366081839108338655507568526104233204269210348967420356519116537089698500650768825231423033250871343703266530560656534011142648245945079113056384513493652893832255067555009

1940064196688166544272248008633435057104912698732180870571378797566795744500874223288058741189021055298883424619391593069054696618436773088678592752627402571225956653937991437231590912588874612004556113140013402512680195310551203043887505491051870272114308456630437193591259102519493116008778219606653093514932315529964801153568544418996057610028703568957124882090588402888961834317967363204047335781383331864149236604852491886636991305729326067840310781654357041465469731993764757588282812072077706034475490464291531846491239915865547071747633622281570749914274977227827663712648411005324618722779314503557061072219

5369654228498056796769126608721312784347500577039658606171343143155437732270909518628811058711955805664165226569606657056642304465900990610928096562847136018374592991652063498850622385091862804233906501899805165695699184455489031424371853941694410533352182011532004106247142402090692929817053758037106333846735686906652045653362400152866359213515773878887888122015665449541288475054722667314215239357644206775821649884719400350953071979622772243480091922193883785781844002214678564994361716907450986798240651198277473883210788728932754836702510262527271055883244410248599361741429928165829015471749087224678301020799

4605342105844774976044598819333956007960618138235604022073637611772480542765685389199653097417018565266464393088931802665491382330037211315171539799509050645344392060522096388778472710606121849738943480942305478101120964435866519208226263534768613687227801186340363859978826563355221194209657985441894437777904528475530994225200825349611489655279022199741754150894706165886931751390736652476908144237190458650040708585191412210869937875078717619712550026369754293660396446301420685810614846984896664750389026395674631953408654006245104401326631510118134433890762077397753000221612307981966955547091221966140184070879

9902602245044028001337530490278119202076468778032272695899789520839571976051494483215975745647159956915913858156315222452048189230063156084782389855244880814003966727898233240741093529880181882233639104564347809049712567133751766232372842409604711848845505689111515744250116461108997086832284232419756707376839553382603614756110791054400545390904674104163450795322996736975662920016488192699907157457744592281161937909809228725189404925567285968245551342167753749306988910600796417759021710492995191893250992722810816619324351706768090952886833861636754772936480206494416412582078228181243181903197465003147989610821

6645540482655120620880444390458132680480419282674856857818052652618342808417747324732088693469623555816576828745186625463637619026063692027169787756848899862283275767583287032948716827620495173655820145122963224280273931577347437848716489279226026666995633258857207606014311383679381740593251205748922300559688786177474447085843109633478896068549024500346284429970700765044132415683220932490550223946568258866733349627825170530802130968273647228778998454278728827603494467027751815120823667889088507286029431076534580800196644897427404423998924470525597716564898354933911883952893378008737710354263412856584862388557

44584685229093884844600010376776160924752328950056333973090052848238198527307942527420711125510652831974736494397117481629873067533514828702174361196830909052746040652266151167014433617960221652608161839799538731783768709124248841301605373802993480351415534254776421157275002911381926606372597787766966361360968377663505051927678274366489106815768324705509778284979567277786225448880380302212221605335062059946684923189667617262619064716030722726963062610340848322213064058678741017023066143546278104599105006163645066431871418587657286615533856074873389101044360058515613248513445471721069467876758597488394697511

432747436471755180980262330906656556789966807526908496981491414012498437290159270054855111616112003695440004895874920135886975274463969245411897496446474148770419921674251717930536901983245105297328813107014985014769311085624077696478907798863664172197880975244800662351602740425377911066665652321514621592639994407679445640736362796478437885909312589803083170136120826837091712305901938647123804125128243802172048584254924731565576598980096563209661013868418322441213909367836141067100218545593231491123309438174980373518469321681338710187561051350682610329583476194816017685443389116953233752624808766594190237261

1314680041389784918985352815232271581426412887242203405483783330358255356364183381343031981428764728094469020070780135219508160806082217561894694346092514059682885399048919979538316069933836292171226268321910655276672893178343870480913357534027185111681456007597477902835170455847831718158151856647363169275081866806375347412089149746177985853440626742916289917703871543050217703628631296885330928187411394358479337905002408702495942622305446191449696994601834868795901433957915840314627463216952904160797178972518288955803407116147792858397583894746812138804493473243151410252811533839098357644737814472329062425949

2621388747044132094183304342961262753094136909825603128905680157522409403515767335853659650721884329339366503902314983382326568284390353368066437216914762411209482855686590175130561345565345225749245141813166752157629484232917751521009821285233779437486238875519077256424153365523067385499653388922839553312377308025131107348564134701430565299481987993793941399176099495889594980108890642390133549772113626488914879272658098874301482492156352028369105539688874936352214283758034077614645165874587061193649916975105314214779453711661232248085454811218297733591968400095199118230626743675410173053457442882873259165591

21724722305636618424032426784773063809241360319290163003869408651779541168761688750043863442703884114190856517515495376361970366808079426558242421786909808099816207028401364003035511779667451633726653714021599354894341779390255086365455697408051128580859785611583035342581838425615965215429033790573465938381251921314902362801688517948826782298015043878590504563681488947444067881848245345295526882930367597208349787115119286347024999334004504127717604484259223990246572469618493248882309884378532502234134372121667976586380289862870328953999626194458589361326260681336329488631158764519231612445314391014039746559473

22387712131004025060393119142361210079618679419066151339691559980025224653881945777957180961571464712134313381127307953997291112349442991601501906075578660345667386363488848085470441729877065876494330272116607699799818601721039732163277382733782538046719982780379015446075132309189830017115298291296207423192262665347651514326922919034272861099841115526400252983485191278330107743479033049705320301144342237708361213528738493515216019137750233935058423387132730615686224114783138271191247397450906287440382115476856043160992333224783164443348509408492042998339885886368068594011316825006283510397211567160860167577849

9296474668660102903629406464609666710117145987312806291689770239253593172590406858349468140535188650745620609863835899156219340783108103188503516670033940541848418092073430566481338649212402774748702002554980516000576250525716283347104052322440753887657778934909452869569210684036471783315796207303213645597221775104294442349081836260828518579664391376841340030378727017422056936580939045590068594332061959142491885443539209866622917090740412575370520708314111335447821134258017197014263033320241906542780066207897401317264324413330662254620722215445206907643317015602583784851058142022351384924807462025124146522977

759918671148242718041651642684003258283877499837954173236105328623355153543274143827346161943317463013473231278536543354726735354978666602757944807847878174869327429359309800326640973415197809131997419531632489457720711489292595833044131949276900018455505566220986084721335206990137948208905464080559429936367742277499608874112119567498581109319057022195508454380638664132611177289688198946793829114850243054425343615130286014334681974433156585475660901506232203703109706306695619969933231642648630422408058601809080314783413482662332113048388706454609014442678101349904755668261383336273268829311107767811401248169

2637522920003681331667794511390588259271264884074474186410510599409519578088017686449278377399169962207970692898872558801936774239658868524174958305072780723907396082134749615954127286062039129214661591643317780408431908693795868136690402555510175557859452852448915648169424052461645500674957088145314762479390063673886012196531761426481465623004463152127865656417527939122017157789814620250374190404745223494142882061298774539970570530270928766537068306361748734777231252577677079144243156292914846586223687895941082391061638272934439307398613158778429494943178177711614101733279511670886250228796961745301512707379

5938038334534405161319546307046041380149173863344833275397106466865809148901289628688080589634457719001454927300572111931780979614012558912682310695260911143827908235039090983176384899992358663354843994496900464494688534839142077790230383067195160861311160433992750492192254196255593132847746041158594516477805340729962990867731809769312748122513931097125159745895312875029817153312707894885095206640385680813100825977328592488715253375782839868191541653810820590986436535971807463053174553727887937543746164466415972908388959129082616371332105836414825932877992110755491681605118535755133609934496548874208321098621

4649927346851110419472343483655371446830626152463198107383897166202934860065401598615857837932401149558798681128568467488551661352504250928833264057573029559312473823865556099421166895618565732509916249601801167883587920060687576620051214777012254407026243788666561939111518743210161724666984168445339370162716753612957236850573332410923695806203790442186525024346365212345023087062718373883104751249770171561918119357292265790400546641133158291875602615667471988670994571608155578500358375479870927644661606752000126032690382121472610412637659400915136509152980397359033445498999800012562152619185327585374695308889

726668994440183576448200066220301760150236509097340544869008841366923758160598488540371288159585665629355809261715873758435435389522286705110720778319829259696186352020066227047055625910903573590944320698743400903670718828607540686836934413842567701690182822607308388472446644351238556148154636113168493240832670980044137435025990661465541534971911585963209560399396151537788100464826094703927238974628528422062535182026205394409737728713649560221042295354050829493774573424308635979271991771201017896827337691238012425338790906977873558259438343998355031994268682541134588265199258652736940931874283918288452755077

4783462232495901667879678692681267217442103382498223750191013385835492578598315062748691744291358916907591532592746361138704326492238280058319909546353586290561252667655481024285921270608232850886895311198486557782606952614405809191958636388750212565935010861108156475429635008954998103778133313009717589895071049918886411219719655171993439613774277955276514121199547201229367472428981139272584178045125831338117222236928777373251023178345150529695592348543596412727261455671948702163489470143640346237393123255313315911627620272283774902639400887235064186595532769923411784697010590011744377804887398856977457448529

5193020172253922603737260555338199024336432341620333284144917597750413126450028099518275848429025241929014753308324548791344032975759850245099091586718029538520520266077896273792974880313753965644286318961920077666608166418927502193887835317051079651974894699334917190749218525362525618237325854917418392835091047414542438381913596368346701015340232185982604922201303432619859231797151250414435504120327529363206784801984560701386244562404546911658669675457805994733634666409797040527440190189541603498087493305361082086875144701031842978262856702261409722505436123402565320914409615015045485634899666873804285027231

17661856096559466116108790637310669629030338075944638737471400287381852473912728462011472500210410015925967551432777712083412867710680930895688643901629075233195439195771900447625756190116624368292449929591010409882352500376956223999920672380459477320298840030891452844337558994313940234912887757300529511460660249839935731341798373469542634645010697420889758554054171946556265741716805270622071438228438884102992377492378987880677534553617911895138281190780691888733749570275591930880203413019890180726577465972306205801733504372443693727206763174406432704257609061966172224238741487296773314124963719246896545817009

16394583186519541293818646638331524350193349772032698733000380312476633801949294646806957982619457146059866108005073911317641451367924278017487698861433486463105870763688037795630460972619322680518080498735868490354933111391551915430829795734378072939826965529723990774516321445705128587570028732450198555250311931938126655927450630877387410411263356445216161810639120858105552713277078171085477759920651087194775536959503346972617634136420004611030355045414493204006593112779996142632654565080832067793814482316593234914845647137618234482169897806185324020425713287068882485147245973411209350466873454896722815219249

10941032684868338258437762883618231077123749985890935369411625986125595436113268476771109605692325129345534323439831174169325377508286489965080802957689830738807399588713869446670264138375471243256351628402341755561644436463760488811977251779936722191184314730840811888000039050960014889908622700572834773910179378395150092011561356742968783371529438517591866466604505738386519176787968734481846482630191660068799195560603520826403810423506525630230922527183964030222178102141214262894132446600216437431982472330780532631383050101589932222425857953289702937111748459429683557924724529167673656197741532929828502121173

4094918432642542000573951979010545924405530340061216263082937873648238698005903088878361160075742301083861330200035234930522888111990438902239172633021182289678158567887007492640989796650911039859446338898889610599174157296609536707526014276968220344373385520363011853740076474039669265163926655052942921731346556422588186353325977050467088702029656552178009967947841986910430393397928555053758635137493103771435296180553913573493880690741881515723853294590689715690482198598927821505170107029704569641236676053379633166532487550204032017843462125825771246774286538499552959439028344883866570508277165359110314865521

1859834192036016752808867054821499186784523478888261445534995437183425091922799310437590748948354413308680972204650563161286218849352332165284787218822926571643754122219378419913447495886504014166527914255862821399623288489724423387921571140507488537419229430437734115251843137778268444988745638083188392734397900579362518959739965591972278500373352946879015059937305623892527895583374364730005927745293784805006123287023241788024672293069763120358505866328969742533255933168391475994936371912673170663437898028311677132306176193395780922863492123679962600188078324576297022604004198960100707938893685198001857094149

5808415739668943343610437895674510817707871297677041618407521295940455974482920328549619367563545664470296140110113299981823859176476784004951150178068967093182634240842956227226555394818045847004129285828340577045447078144844687566349258957189962241432188730254930323297194376100321281353302387425985349161647865127655506199351353357285776463100752207723116992057935779578217885916745393395714852770182251689639246658395979230613944242227544174998819137205487481315702465086888517490747940694083450708345739174407950168239692748624432076870200509525770986197850087448164612699433959810220276425423757418176403119209

6319042443271707884775340349291332510301730810322225168425633428990821758871880517511413413385949962195131673216264816105747068238892126941633046979310553854538130708991132330210486165719428513837907472691704697715572076199890756747078879990769251247954100485753669991742107096397338798784285531878156320770573590238197852761591834367124199575995104018771365661586712164239680622196543050873815182468818006467404884294999710224882555564627244373523046508246843513459285600022798246076196919228127401415794323011313885872431545777081458567577315303632357859374385032318417052678993095185782601174189042702375376989273

12721340044370204692149970699547933375705526736687476049525267990908118721349778484819644797175854105687310782488748346380436977756009088227978167563555657134654047634552836929551877588407014731950563186315027363066290393530724806170563554318191152716304342194878888004743722180216124613065177491661906991193347176952533001089408906957207669801850954275685275993754446419113602455957529932884120049029544015626818859972788671988294432186938724641371462202518082016234986468000420610836720346409609236523728184631608045647857308682535241193968840770811983011038930699025730642759117058842622106976254161281463787949057

22112364486568034809653629258869732999690800402161072549687979291298183355399328485521381136629428537041672804385046838634636347402832801438899812370664077900740348675710491907464188072807897425810672470011608366100706465728398834147983722723428045499418715856725098565018875117627848248617712670338718989278915248559822935742434688010674330683077438361411182866130133616774914404217108333040987437498705399788238418113779962418179528736599023639417475027702168162153329472240813770231450992670305067390956089987178249566800450355159744230377506682548867545506038243152372270366853548587001202769136245592278692673389

7561632172045130634210753092586204732862872019248122115660727575656390796096808262237501082811148290766709701661606755076636297187367078374129265907004669062830947674486008540517712024595620332621355909615742958781812074483127508942437999317663478614330126845931665711181349555555376287579824280512509976454502575918928948171222575131404538698802861852565442957167326634137037642242661134030386659378759671485552677277094090736964991621838461546836072601345967859695198855381498669347212481085510842779331072445957720518601602162444928655131542822558373635296850688120187658410706052121022332584316423743153699729389

2424531201269081326935865675362358223947394683943777114831317343463641232223975735241990158568063849325426720561327696072705943916147033031718099501720052712993972910132040855901876659042713784002412324501947197450691462515709177944939934332802722070946820343069956458287362820805120687107573844645494838231151685661568567469321958744218044023121548205510879658126130183146690361382960042345409054198838931794370782688091501971458487215808487218763879493658983617349156530694495649274386519576622464556932116729121278288559938317487423352624250567339290797910414153704044229107537528649745754211084727464602134783409

20592768311424613387897395066943812105160157439041594354556080773314559085628985140415667519386848692940142636087879372400519922100031137836149404897264234786229118531935272717714406151411992231300794798360153033091728705187091614664477224776150176704846044710914705365830458964137949935021382737446607153602965900749206579405627210821847194533209271107550227773207095904007237317151356126055633702714941919584623630279581960238305577482998555060973058881892060250778574184787099889504538131912164214266227829192746713024010647247698879929120814605532229106696982320705321498655458706925396431057215264702242981732103

20004575272942832612491389013959955501074913939980136520424557524623700187741769969794429191008848765685094536543485097325409542148724613732550186047239207268823905339942193818537311778159938886376600098522484705999282348155961219936267502498212524917434411784157283799945012963943993132525228653537970358219116536680293937730383416559005588115765034050858639649569985262287303885309975827968074184053654849096317031293434455953210518469282180842936345987596175930237629673889561883073053175473498866974028849170990092718850559718538173387673200264245411262573956360682059074356322359606661837632071946761237110625347

10344687608871775428116734241284495125882344063355036544240455745228660373298429338544183367660689410524053726275551462773894470360819509144196238876783870750950674499154664830453688092213311404053745549197136265431841462466570430887753353007121995387426310924511512213215070149161356048046925716540515139597326837864049596536412818678191737557267462502388887983973008565988063650234018648060324291895791003051119182333110376326309317073016017346905384382186277132034207018125843154716021647393566305265536881982500806561800299075089502323759613910308806776480177326163053031777164438324335564659241014782743521233201

20588333584529739148290238442374031762988302714660320631030176698553352617873943755868334292379923239167088235527112833252919731989089230976658492691059390908540192385110771878921680111069783583943800912327000706460257697911351018843900512771107315718620100930247092107332552420685883336334520819283658627689617361020656757703687545492821734733358374906176061130815693128489533011260447026646994162719647960890481747114956185270188435457623788373574859974910426307258286470556509032237685792317966409110860575562811579334539857132079712380856013120353580618835073135947900181016496545782998247896034267673521693980049

5908936612112750475487954599084605159512213076573476664518358550503167219070528902752185317412931783543011505005333434784980903981640013211262408918507884449939020640840616637877506843475585921423960213683126944599376058587754394079040480197567532926296482554183007295555526229689920637729339505118585786232860664579467285176328568088748322452745386213982223472969480687790749781423125492205516214191062013819741904265064050451895525039742940297040105829915935729211039113731089368853390339004917059071784240710600235843916141529498514837335952497470035652975682632951807634735511576276262521754887914885166930354419

5639869493380034770749132744123857759502796197287006333133296082361836521278117172438374613149731497217004422300376332928441541293953528207158632533128121949584800102061571833795893487826863108558734157495488698597763821063354388800025402680727310638367084628821653423946626886733073787630099111243348916531064343260390466474994233661652970167168796584921829977668315510490771605381119932368084941872306704547498983887034952734797151231909916228387873896494857691618250699863075178523183095436495354694445845952977758921410629881408275004278590664534549734141635376313191951384442972963116349975483956832913236696417

2573006351309411468543439721264162122485801759199019964256519289332614048451131904136978824145057484137329732331369309902572603015998099835691903607113633538196156010805577313126017779118811710108127652140031685044098666561338425620049788325406266604318918239719895085821858613278701549337371805100402704449251151807214983710596162353325332241259611041772332975389879095325996990454217247482989741873638671996724039245092045644864708293774219228941528628774258425977651541193685335806344718322850802986552804010270458346072003715624187862758488000240439767357532292452977112648348960943355722412200581471518789770841

8258448758100088513410970488647857601236725773654723579882163347244530502538859617062887755300820855558581189835384330851415154681222348565345987683571512298295387243686274528060286378095388618130858871017841186056495402359738384511375728398153412103777110980897453882821725027962139029019425123401711090883585517290635354859472131153426419886176099743569010923656198825802591693967930176513156296695895086011198407146586798330907343361819588060742890133289111327726446727576469981119993496392804996025365118952456889423751508824938013048622120090935988447653178997728370873020765652106496853730506422497317756921493

4923230435061430705880767205763153834294065327920655075072354048955131613886409143032217607065937904381449649814115753225862480382839409399472077485500087382340650443865022300602703033498672564540752641753589800538746771641426887891497233958093509063102003395180952178334860640573439400680187737884085403326733500653566266682489658672893715224368110121459209917373537038501689765208229181587788761048990966116815727611563284459712243731995393013934354414337403944613328230908953117026533021730595279609372248037085944692163129937567469300922354517104633241145139183061034430677905236551650176099427019813976314651467

20089796920134462603987861834892009136500297036322609029062070680914406614675036687548373914957805543132805746688525552966959524017528481098449195623450654865632761074525735735068322420771687871364004026918031704710844305505949688592212057133047938901397187838277737267087716870393160599932203426041620957192912482363770720565132409189887566273441318619586650738737821827052246581633386635359439705090826220521832657898027427650289703848215731403173441216207494525344973562789079693184749624431722465079515645970497945683977052756565268365453417921992706287532331701314575173784563769706466462750056256120423460310187

19520334573101682417989671865627005117822061300859450453232940523564781238686830706268473312539906675761127101734580153106015373370823743945594031343507840912641991177546618599070136156834470137645734356794630980477633611106233971770890199411627077963114999022680491808177778736728746111788822744172524209951901240227037854942724538922722909893540019198332101147544114704564517383803359726540863719026948797925314869723104265457612611138967104135149467656226203616698003824421816225058811510926185803252090740288265828333385723259158732791534499604353135972424525924520408730289819290088006970848597921990787633456923

