28016 77812 100399 153866 Y
116420 14908 31313 527 B
23908 76011 116197 81424 J
51159 108033 3414 142384 q
112730 89465 137256 67745 N
125084 101250 142988 6833 Z
3161 44529 128484 158369 c
115847 33752 83064 78640 l
100266 112014 40189 103367 P
61292 63609 128771 133353 H
97678 80198 83657 13035 A
21197 44960 87743 83596 W
34584 61897 67176 31885 e
17141 53382 120770 104538 h
46184 131573 121220 146140 j
122183 108438 75222 94535 T
38863 58012 52073 42101 F
66523 83615 30009 122100 i
21092 30115 46121 87057 Y
123921 74627 58620 12732 w
69036 68988 20861 129655 g
19032 61337 238 90172 P
109397 39222 100814 101256 E
46777 36730 45141 695 Q
102656 23447 128983 145350 x
104968 27070 9976 43141 V
26179 18307 116669 143202 N
141033 25179 70534 60357 P
31646 132523 64228 68992 g
142688 50276 140535 26254 D
99230 92213 87868 78271 R
20506 106172 55434 99061 L
